  16  104   28  120   40
X (abs(X) < 0.80 cm; step 0.10 cm) vs. X divergence (abs(dvrgX) < 5.4 mr; step 0.10 mr)
     0     3     0     1     0     0     0     2     2     0     0     4     1     6     6     5
     2     1     0     1     0     1     1     1     1     1     0     5     3     7     8     6
     0     1     1     2     0     0     1     1     1     0     1     4     1     0     3     3
     0     1     0     2     1     0     2     0     0     1     0     1     2     1     1     7
     0     1     1     0     1     1     0     2     1     2     0     2     2     4     3     3
     1     1     1     1     1     1     1     1     0     3     0     1     2     1     4     3
     0     0     2     0     1     1     0     3     1     2     1     1     2     1     1     0
     0     0     1     1     0     1     0     0     0     2     0     2     4     1     1     3
     0     1     1     0     0     1     0     1     1     1     0     0     1     2     0     2
     1     2     1     2     0     0     3     1     1     0     0     0     1     2     0     1
     0     0     1     1     1     1     1     1     0     2     1     0     0     0     0     1
     2     0     0     1     0     0     2     1     1     1     2     1     0     0     1     0
     1     1     3     1     1     0     0     1     1     0     0     0     1     0     1     1
     2     1     0     2     1     1     0     0     1     4     0     1     2     0     0     1
     1     0     0     1     0     0     1     1     0     0     2     1     0     3     0     1
     0     2     1     3     0     1     0     0     1     0     0     0     0     0     1     1
     0     0     1     0     1     3     0     2     1     0     1     1     2     3     1     1
     2     3     2     2     0     2     3     1     2     2     1     1     1     1     0     1
     2     1     2     3     3     2     1     1     2     1     1     0     0     0     0     1
     1     0     1     1     0     2     1     3     1     2     1     1     1     2     1     3
     0     1     1     0     2     1     3     1     0     3     4     1     0     1     2     0
     2     0     0     0     1     3     2     1     0     3     0     0     1     1     2     3
     0     2     1     2     1     0     1     2     0     1     0     2     2     0     1     3
     1     0     0     2     1     1     0     2     2     2     0     0     0     0     0     1
     2     1     1     0     1     1     2     0     1     1     1     4     0     2     2     3
     1     0     2     1     0     1     1     2     0     2     1     3     2     1     0     3
     4     2     1     3     2     0     1     0     0     1     1     1     1     0     0     0
     1     4     2     1     2     1     1     2     2     2     3     1     0     2     0     0
     1     1     1     2     0     1     0     1     1     0     2     0     0     1     1     2
     1     2     1     1     0     1     1     3     0     0     1     0     1     1     0     0
     3     2     2     2     0     1     0     1     0     1     1     1     2     0     2     1
     0     0     0     3     2     2     0     1     0     0     1     1     0     0     0     1
     1     0     1     0     1     1     2     0     0     2     1     2     3     1     0     4
     3     2     3     0     2     2     2     1     1     4     2     3     1     1     1     1
     1     1     2     2     2     3     2     3     1     0     6     2     2     0     3     2
     3     6     1     1     0     1     0     5     2     0     4     2     1     2     2     3
     6     2     4     4     7     3     5     7     2     1     4     2     5     2     3     2
     4    10    11     7     6     8    12    13     5    10     2     8     6     9    10     3
    17    16    23    14    15    12    19    12    20    17    22    12    11    15    13    12
    40    29    38    22    25    25    22    28    18    33    26    28    31    33    14    19
    41    69    47    33    37    44    54    34    43    41    41    42    66    47    43    42
    56    57    68    49    59    71    51    58    49    53    62    63    55    57    36    55
    53    72    83    82    83    71    65    83    61    74    64    73    66    85    63    69
    70    65    73    65    76    78    70    72    84    82    72    71    70    66    86    66
    86    73    74    77    76    77    85    74    74    77    91    77    74    91    78    79
    84    78    68    65    97    70    87    71    89    67    81   101    97    98    70    67
    78    68    79    68    71    97    76    62    71    82    74    89    85    79    84    82
    75    80    89    76    64    82    82    95    80    76    71    71    68    77    73    60
    72    83   106    84    78    74    72    69    68    84    86    57    77    78    78    76
    88    74    80    84    69    80    67    72    91    78    93    77    72    74    67    56
    82    81    77    63    70    78    74    59    82    83    81    98    61    73   103    78
    89    74    75    84    84    65    75    66    92    71    62    88    74    72   101    75
    69    63    83    65    64    82    61    72    82    68    63    67    77    77    94    64
    88    79    65    71    82    78    62    74    87    76    88    98    71    93    68    91
    68    48    63    82    69    60    79    76    93    61    73    60    71    82    65    82
    75    74    75    83    70    63    47    56    79    56    69    53    79    66    89    85
    63    50    65    70    64    66    65    61    62    58    72    57    61    67    66    56
    54    67    51    39    65    70    61    67    56    49    72    79    48    59    56    58
    46    61    60    59    36    40    56    36    59    53    77    53    45    70    61    58
    49    43    45    45    50    40    51    39    40    48    41    56    45    56    45    56
    39    25    30    31    43    46    50    38    43    30    50    43    41    39    43    41
    20    27    19    29    26    27    46    49    42    32    33    36    29    24    37    40
    22    18    11    28    15    25    22    25    18    27    33    27    19    29    23    22
    15    12    18     7    12    10    14    24    11    15    14    15    18     6    14    15
     6     8     7    10     4     5     6     4    14     8     3    13     7    11     6    12
     0     6     5     0     0     2     2     2     3     8     4     2     5     3     1     6
     0     4     1     2     2     0     4     3     2     2     4     2     2     2     1     4
     2     3     2     0     2     1     4     2     1     2     4     2     2     2     1     2
     2     3     0     4     0     0     1     0     4     3     1     1     2     1     0     2
     2     3     2     2     1     1     0     3     3     2     1     2     0     1     1     1
     0     1     0     0     0     0     0     2     1     1     1     2     0     7     1     1
     0     1     2     2     0     2     1     0     1     2     1     3     0     2     1     0
     3     1     1     0     0     1     1     1     2     1     0     1     0     3     4     0
     4     1     1     2     2     1     0     0     0     1     3     2     1     1     3     0
     0     0     2     3     2     1     2     3     1     0     0     0     1     2     1     1
     0     0     1     2     2     1     2     0     0     0     2     1     2     0     1     2
     1     2     1     1     2     2     0     0     1     1     0     2     0     0     2     1
     2     1     0     0     1     1     1     1     0     1     2     1     1     0     1     0
     1     0     2     2     2     2     3     0     1     2     1     0     1     0     0     0
     0     2     0     0     2     0     0     2     2     2     1     1     1     1     1     0
     4     1     0     4     2     0     1     0     0     0     2     2     1     1     1     0
     0     0     2     1     2     0     1     0     0     2     0     1     0     0     1     3
     1     0     1     0     1     0     2     0     0     1     0     1     2     0     2     3
     0     0     3     0     3     0     1     0     3     1     4     0     0     1     2     1
     2     2     1     3     1     0     0     0     0     0     2     4     1     0     0     4
     0     3     1     0     0     0     0     1     2     1     0     5     1     2     1     0
     0     1     0     2     3     2     0     1     2     0     0     1     1     1     1     0
     0     0     2     1     1     3     3     0     1     1     1     2     1     1     2     1
     1     1     0     0     0     0     1     0     1     0     1     1     2     1     1     0
     0     1     1     0     1     0     0     0     3     1     1     1     1     0     2     2
     2     0     0     1     0     2     1     2     1     0     1     0     0     0     1     3
     0     0     0     1     0     1     1     0     0     1     2     1     0     1     2     0
     0     1     2     1     1     1     1     1     0     1     0     0     3     0     1     1
     3     0     0     1     1     0     2     0     1     2     0     2     0     0     2     1
     1     3     0     1     0     0     3     2     0     0     0     0     1     1     0     0
     4     2     0     0     0     0     2     3     0     1     1     0     2     0     2     2
     0     2     1     1     2     0     0     0     1     1     2     1     1     0     1     1
     2     3     0     0     0     2     1     1     1     0     0     1     0     0     1     2
     0     0     1     0     0     1     1     1     2     0     1     1     0     1     0     1
     2     2     0     2     2     0     2     1     1     0     1     0     1     0     1     0
     5     0     0     1     1     0     1     0     1     1     1     2     0     0     1     1
     3     1     1     3     0     2     0     0     0     4     1     3     0     0     1     0
     3     3     0     1     1     0     0     0     0     0     0     1     0     0     0     1
     3     3     1     0     1     1     0     0     0     3     1     0     0     1     1     2

Y (abs(Y) < 1.40 cm; step 0.10 cm) vs. Y divergence (abs(dvrgY) < 6.0 mr; step 0.10 mr)
     0     0     0     0     2     1     0     0     0     0     0     0     0     1     2     1     0     3     1     1     0     1     0     1     0     0     0     0
     0     0     0     1     0     0     1     0     0     0     1     0     1     1     4     2     2     3     5     0     1     1     1     0     0     1     0     0
     0     0     1     0     1     0     0     0     0     0     1     0     0     2     6     1     2     3     0     2     1     2     0     0     0     0     0     0
     0     0     0     0     0     0     1     0     1     0     0     0     0     0     1     2     1     3     3     1     0     2     1     0     1     0     0     0
     0     1     0     0     0     1     0     0     0     0     1     0     1     0     0     3     2     3     5     3     1     0     0     0     1     0     0     0
     0     1     0     0     1     0     1     0     1     0     0     0     1     0     0     0     2     0     0     2     1     3     3     1     2     1     0     0
     0     0     0     1     1     0     0     1     0     0     1     1     0     0     1     0     1     1     3     2     0     0     1     5     2     3     0     0
     1     0     0     0     0     1     1     1     1     1     0     0     1     1     1     0     0     0     4     1     2     1     0     0     1     1     0     0
     0     0     0     0     0     0     1     0     1     0     1     2     1     0     0     0     0     0     5     5     5     3     1     2     0     1     0     0
     0     0     0     0     0     0     0     2     0     0     0     0     0     2     0     1     0     1     3     2     2     1     0     1     4     2     2     1
     0     0     0     0     1     0     0     1     0     0     1     0     1     0     1     0     0     0     0     1     1     4     3     2     1     3     2     2
     0     0     0     0     0     1     0     0     0     1     0     0     0     0     0     0     0     0     0     0     2     1     2     1     0     3     1     2
     0     0     0     0     0     0     2     0     0     1     1     0     0     0     0     0     0     0     0     2     1     3     0     4     1     0     1     2
     2     0     0     0     0     1     1     0     0     0     1     1     0     0     0     0     0     0     0     0     0     0     2     5     1     0     1     0
     0     0     0     0     2     0     1     1     0     1     0     0     0     1     0     1     0     2     1     1     0     0     2     3     3     1     0     2
     0     0     1     1     0     0     1     1     1     3     1     1     0     0     0     0     0     0     1     0     0     1     0     3     3     2     2     1
     0     0     0     0     2     0     1     1     0     1     1     1     0     0     0     0     0     0     0     0     1     0     1     0     7     5     1     3
     0     0     0     0     0     0     0     0     0     0     1     1     0     0     0     0     1     0     1     0     0     0     1     0     1     4     2     3
     0     0     0     0     0     1     0     1     0     0     1     0     0     0     0     0     0     0     0     0     0     0     0     1     0     3     8     4
     0     0     1     2     1     0     0     0     0     1     0     0     0     0     0     0     0     2     1     0     1     1     0     1     1     0     2     5
     0     3     0     2     0     1     1     0     0     0     0     0     1     0     0     0     0     0     0     0     0     0     0     0     1     1     4     6
     0     0     1     1     0     0     0     0     0     0     0     1     0     1     2     1     0     1     0     0     0     0     0     0     0     1     2     5
     0     0     1     1     1     2     0     0     0     0     0     0     0     0     1     0     1     0     0     0     0     0     0     0     0     2     1     5
     0     1     0     0     0     2     2     0     0     2     1     0     0     0     0     0     0     0     0     1     0     0     0     1     1     0     1     3
     0     1     0     1     0     1     2     0     0     1     1     0     0     0     1     1     1     0     1     0     0     1     0     1     1     1     1     3
     1     2     0     1     0     0     1     0     3     1     1     0     0     0     1     0     0     2     0     0     0     0     0     0     0     0     4     2
     0     0     0     0     1     0     0     1     0     1     1     1     0     0     0     1     0     1     1     1     0     0     0     0     1     0     1     6
     0     0     0     1     0     1     0     0     0     0     0     0     0     0     3     1     3     0     0     0     2     0     0     1     1     1     1     3
     1     0     0     0     0     0     0     0     0     0     0     1     0     1     1     0     0     0     0     1     0     1     1     2     1     2     1     7
     2     0     2     1     0     0     0     0     0     1     0     0     0     3     1     0     1     0     0     0     1     0     3     0     1     1     1     1
     0     0     0     1     0     0     1     1     0     0     0     0     0     0     0     0     0     0     1     0     1     1     0     0     0     1     0     0
     0     0     0     0     0     0     0     0     0     0     0     0     0     2     0     0     0     0     0     0     0     0     1     1     0     0     0     0
     0     0     1     0     1     2     0     0     1     2     1     1     0     0     1     1     1     0     0     1     0     0     0     2     1     1     0     0
     0     1     1     0     0     1     1     0     1     0     0     0     1     1     1     1     1     1     0     0     1     0     0     1     0     2     0     0
     0     0     2     0     0     0     0     1     0     0     1     0     0     0     1     0     0     0     0     0     0     1     1     0     0     0     0     0
     1     0     1     0     0     0     1     0     0     0     0     0     1     0     0     0     1     0     0     0     1     0     1     0     0     1     0     0
     0     0     0     0     0     0     2     1     0     1     0     0     0     0     0     0     0     0     0     1     0     1     1     0     1     1     1     0
     0     0     1     0     1     1     0     1     0     1     0     0     0     2     1     2     0     1     0     0     1     0     0     2     0     0     0     1
     0     0     0     1     0     0     0     0     0     1     0     0     0     0     0     0     0     0     0     0     0     0     0     0     1     0     0     0
     0     0     0     0     2     0     1     0     0     0     0     0     0     0     0     0     0     1     1     0     1     0     0     0     0     0     0     0
     1     0     0     0     1     0     1     0     1     0     0     0     0     0     0     1     0     0     0     0     1     0     0     1     0     0     1     0
     1     0     0     0     0     0     0     1     0     0     1     0     0     1     0     0     0     0     0     0     0     1     0     0     0     1     0     1
     1     1     1     1     0     0     0     0     0     0     1     1     1     1     0     1     0     1     0     0     1     2     0     1     0     0     0     2
     3     1     2     0     0     1     1     3     3     1     0     1     0     0     0     1     1     1     0     0     1     0     0     0     1     0     1     1
     2     0     2     0     0     0     0     0     2     0     0     0     4     2     0     0     0     1     2     0     0     1     0     2     0     2     0     1
     0     0     0     2     0     0     0     1     0     1     2     1     0     0     1     0     1     1     1     1     1     2     3     0     0     0     0     0
     0     1     0     3     1     0     1     0     0     0     1     1     1     1     2     0     2     2     1     1     0     1     0     1     0     1     0     0
     1     1     0     0     1     3     0     1     0     1     0     1     0     0     1     2     2     3     3     1     1     2     1     4     1     0     0     0
     3     1     2     1     1     2     0     0     1     1     1     1     2     3     1     0     0     1     0     3     1     1     3     0     2     2     0     1
     2     1     0     1     4     0     0     0     2     3     1     0     3     0     1     0     0     1     1     3     2     4     2     4     2     2     3     2
     0     2     1     3     3     2     5     3     0     1     0     2     2     1     1     2     1     1     0     1     3     1     1     0     1     0     2     0
     2     2     1     4     3     3     4     3     2     1     2     2     3     1     1     0     3     2     2     1     2     1     1     0     5     2     3     1
     0     5     4     0     3     5     1     3     2     2     1     5     6     0     1     1     4     3     2     1     0     0     3     2     3     3     6     1
     2     6     3     8     4     5     5     7     0     3     1     4     0     0     4     3     4     8     3     5     2     5     3     1     1     3     1     8
     5     3     0     9     2     4     4     3     2     3     2     3     5     2     8     2     2     4     3     6     2     4     1     3     6     2     3     7
    10    11    11    15    17    15    10     7    12     8    11    12    11     7    15     9    13    13    15    13    13    16    12    10     9    11     6    10
    51    60    49    49    39    70    38    42    46    51    51    58    55    48    44    45    45    56    55    34    58    36    38    41    44    40    54    42
    84    97    87    68    97   102    96    84   102    80    71    93    93   102    80    97    82    84    97    96    91    84    93    81    93    97    82    83
   119   134    98   137   124   129   131   135   118   140   132   119   129   132   111   122   107   141    96   109   135   129   125   129    89   131   117   122
   151   137   173   134   140   150   187   142   145   149   135   154   150   159   149   142   141   126   168   147   140   149   149   149   136   184   140   141
   164   150   132   145   156   166   151   147   151   172   169   129   145   154   149   161   152   157   135   150   152   150   153   150   137   158   149   151
   130   117   138   119   146   125   116   116   105   115   130   130   129    90   153   125   109   107   137   131   125   120   144   133   112   125   138   124
    75    86   103    99    85    92    93   113    83    79    90    87    91    88    77    81    98    85    84   103    86    77    97    72    93    81    88   103
    49    39    52    41    44    44    42    52    47    51    62    50    40    57    54    61    41    41    44    62    60    45    55    49    49    50    42    41
    13    12    11     9     9    14     9     5    12    17    10    11    14    17    17    11     8    18    11    15    19    12    11    18    18    16     9    13
     3     7     4     4     3     0     4     2     2     3     6     4     7     6     3     0     5     3     3     2     3     1     2     1     2     4     3     7
     3     1     2     3     7     1     4     7     7     2     3     3     4     0     5    10     2     6     1     5     7     3     2     2     6     6     5     2
     3     1     2     3     1     1     2     1     2     6     1     4     3     3     1     4     0     2     3     5     2     5     0     3     3     5     3     0
     7     2     0     2     2     1     2     4     2     1     1     1     0     3     1     1     3     0     5     0     2     0     1     2     2     0     3     7
     3     2     0     2     0     2     1     2     2     0     1     0     2     2     2     2     1     2     3     1     0     2     1     1     0     2     1     1
     0     1     2     1     0     0     2     2     2     2     3     2     1     3     2     0     0     0     1     1     4     1     4     1     0     1     1     3
     0     0     0     2     0     0     1     3     1     1     0     1     0     1     1     1     1     0     0     3     4     1     2     2     1     1     0     4
     1     3     1     2     2     2     2     1     1     1     1     1     1     1     1     2     0     2     1     1     1     2     0     1     1     0     1     2
     0     0     1     0     0     0     1     1     0     3     1     0     1     2     0     2     1     3     0     2     0     2     1     3     2     2     0     0
     0     2     0     0     0     0     0     1     0     1     0     1     1     0     0     1     3     0     2     0     0     0     1     1     1     2     1     0
     0     0     4     0     1     0     0     0     1     1     0     2     0     1     0     0     2     0     2     0     1     2     0     0     0     2     0     0
     0     2     0     1     1     0     0     2     0     0     0     1     0     1     0     0     2     0     0     0     1     1     0     2     2     0     0     0
     0     1     0     2     0     0     0     0     1     1     0     0     0     0     2     0     0     1     2     0     0     2     0     1     0     0     1     2
     0     0     0     0     1     0     1     0     0     0     1     0     0     0     1     2     2     0     0     0     1     0     0     0     1     0     1     0
     0     0     1     2     1     0     0     1     0     0     1     0     1     0     0     0     0     0     0     0     1     0     1     2     1     0     1     0
     0     0     0     0     0     1     0     3     0     0     0     1     0     0     0     0     1     1     1     0     2     0     0     1     0     1     1     1
     0     0     0     1     0     1     1     1     1     1     0     1     0     0     0     1     0     0     0     0     0     0     0     1     1     1     0     1
     1     0     0     1     0     0     1     0     0     0     2     0     0     0     0     0     0     1     0     0     1     0     0     0     1     1     0     0
     0     0     3     0     0     1     0     2     1     0     0     0     0     0     0     0     0     0     1     0     0     0     0     1     1     0     0     1
     1     0     0     0     0     0     0     1     0     1     0     1     0     0     0     1     0     0     0     0     1     1     0     1     0     0     0     0
     0     0     0     0     2     0     2     1     0     0     1     0     0     2     0     0     1     1     0     2     0     0     0     0     0     0     1     1
     0     0     0     0     0     0     0     1     1     0     1     0     1     0     1     0     0     1     1     0     0     0     1     0     0     0     0     0
     0     0     1     0     0     0     0     1     0     1     1     1     0     0     0     0     0     1     0     0     0     0     0     0     0     0     1     1
     0     1     0     0     0     0     0     0     0     1     0     0     0     0     0     0     0     0     0     0     0     0     0     1     0     0     0     0
     1     1     1     1     0     0     1     0     0     1     1     0     0     0     0     0     0     0     0     1     2     0     0     0     0     0     0     0
     2     0     0     0     0     0     0     0     0     0     1     3     1     1     0     0     0     3     0     0     0     2     0     1     0     0     1     0
     5     0     2     0     0     0     3     0     0     1     0     0     1     0     0     1     0     0     0     1     0     1     0     1     0     0     0     0
     6     0     2     0     1     0     1     0     2     1     0     0     1     1     0     1     1     1     0     1     0     0     0     1     0     2     0     0
     2     4     1     1     1     0     0     2     1     1     0     0     0     0     0     1     0     0     0     0     0     0     0     0     1     0     0     0
     0     3     1     1     0     0     1     0     2     0     2     0     0     1     2     0     1     0     0     1     0     2     3     0     1     1     0     0
     1     2     0     0     1     1     1     1     1     0     1     0     0     0     1     0     1     1     0     0     0     0     0     1     0     1     1     0
     4     0     0     0     0     0     1     0     1     0     0     0     1     0     0     0     2     0     0     0     0     0     0     0     0     1     0     1
     4     2     2     1     0     0     0     1     1     1     0     0     0     1     0     2     0     0     0     1     0     0     1     2     1     1     1     0
     5     1     0     1     1     0     0     0     0     0     1     0     1     0     2     1     0     0     1     1     0     0     0     1     0     0     0     0
     4     3     0     1     1     0     0     0     0     0     0     0     0     1     0     0     1     1     1     1     0     0     0     1     0     0     1     0
     6     3     1     2     0     0     0     0     0     0     0     1     0     2     0     0     1     1     1     0     0     0     0     1     1     1     0     0
     6     4     3     0     0     0     0     0     0     0     0     0     0     1     0     0     0     0     0     1     0     0     0     1     0     0     0     0
     2     4     5     8     0     1     0     1     2     0     0     0     1     0     0     0     0     0     0     0     1     1     1     1     0     0     0     0
     2     7     3     5     1     0     0     0     0     1     0     0     1     0     0     0     0     1     0     0     0     1     0     1     1     0     0     2
     0     1     2     3     4     0     0     0     0     0     0     0     1     0     0     0     0     0     0     0     1     1     0     0     0     0     1     0
     3     1     3     6     2     1     1     0     0     0     0     0     0     0     0     0     0     1     0     1     0     0     0     0     2     1     0     1
     1     0     0     4     1     5     0     0     4     0     0     0     0     0     0     0     0     0     0     1     0     0     0     0     1     0     0     1
     1     1     1     2     1     2     3     2     0     1     0     1     0     0     1     1     0     0     1     0     1     0     0     0     0     0     0     0
     0     0     0     2     4     4     4     2     0     0     0     0     1     0     1     0     0     0     0     1     0     1     0     0     1     1     0     0
     2     1     3     0     3     5     4     7     3     1     0     0     1     0     0     0     0     0     0     0     0     1     0     0     0     0     0     0
     2     1     2     2     1     0     3     3     6     2     0     0     0     0     0     0     0     1     1     0     0     1     0     0     0     1     0     2
     1     0     1     1     0     3     1     1     3     4     1     0     0     0     0     0     1     0     1     0     0     2     0     0     0     0     0     0
     0     1     1     1     1     1     2     2     4     2     2     0     1     0     0     1     0     0     0     0     0     1     1     0     0     0     0     0
     0     0     1     1     0     3     0     1     0     3     4     0     0     1     0     0     0     1     0     1     0     1     0     0     0     0     0     0
     0     1     0     0     0     1     0     1     1     0     4     0     0     0     1     1     0     0     0     0     1     0     2     1     0     1     1     0
     0     0     0     2     2     1     2     1     1     3     1     0     1     1     0     0     0     0     0     0     0     0     2     0     0     2     0     0
     0     0     1     0     0     2     1     0     2     4     2     1     0     2     1     0     0     0     0     0     0     1     1     0     0     0     0     0
     0     0     0     0     1     1     1     1     1     3     2     5     0     2     1     1     0     0     1     0     1     0     0     0     1     0     0     0
     0     0     0     0     1     0     2     3     2     2     4     3     0     3     3     0     0     0     2     1     1     0     0     0     0     1     0     0
     0     0     0     0     1     1     0     1     2     2     4     4     0     3     3     0     1     0     0     0     0     0     0     0     1     0     0     1

Momentum  Based on 0. < p < 2. GeV/c, varying steps up to 0.10 (40 midpoints)
     376    4475    5480    4083    3006    2119    1474    1104     810     611
    1381     506     389     151      65      40      30      20      16      15
      40      15      23      10       6       4       2       0       0       0
       1       0       0       1       0       0       0       0       0       0
